FF

05 01
05 02
05 03
05 04
08 01
08 02
08 03
08 04
08 05
08 06
08 07
08 08
08 09
08 10
10 01
10 02
10 03
10 04
10 05
10 06
10 07
10 08
10 09
10 10
10 11
10 12
10 13
11 01
11 02
11 03
11 04
11 05
11 06
11 07
11 08
11 09
11 10
11 11
11 12
11 13
11 14
12 01
12 02
12 03
12 04
12 05
12 06
12 07
12 08
12 09
12 10
12 11
12 12
14 01
14 02
14 03
14 04
14 05
14 06
14 07
14 08
14 09
14 10
16 01
16 02
16 03
16 04
16 05
16 06
16 07
16 08
16 09
16 10
16 11
16 12
16 13

09 01
09 02
09 03
09 04
09 05
09 06
09 07
09 08
09 09
09 10
09 11

04 01
04 02
04 03
04 04
04 05
15 01
15 02
15 03
15 04
15 05
15 06